$`2007`
        year   CDS GNI_cap GDP_grw   inf ext_bal fsc_bal ext_dbt   def   dev
year       1   NaN     NaN     NaN   NaN     NaN     NaN     NaN   NaN   NaN
CDS      NaN  1.00   -0.52    0.28  0.34    0.09   -0.20   -0.38  0.31 -0.55
GNI_cap  NaN -0.52    1.00   -0.68 -0.44    0.12   -0.08    0.71 -0.45  0.82
GDP_grw  NaN  0.28   -0.68    1.00  0.48   -0.08    0.29   -0.59  0.31 -0.64
inf      NaN  0.34   -0.44    0.48  1.00    0.19    0.35   -0.30  0.44 -0.45
ext_bal  NaN  0.09    0.12   -0.08  0.19    1.00    0.21   -0.21 -0.07 -0.03
fsc_bal  NaN -0.20   -0.08    0.29  0.35    0.21    1.00   -0.16  0.28 -0.26
ext_dbt  NaN -0.38    0.71   -0.59 -0.30   -0.21   -0.16    1.00 -0.29  0.62
def      NaN  0.31   -0.45    0.31  0.44   -0.07    0.28   -0.29  1.00 -0.45
dev      NaN -0.55    0.82   -0.64 -0.45   -0.03   -0.26    0.62 -0.45  1.00

n= 42 


P
        year CDS    GNI_cap GDP_grw inf    ext_bal fsc_bal ext_dbt def    dev   
year                                                                            
CDS                 0.0005  0.0735  0.0285 0.5527  0.1982  0.0133  0.0455 0.0002
GNI_cap      0.0005         0.0000  0.0035 0.4459  0.6035  0.0000  0.0025 0.0000
GDP_grw      0.0735 0.0000          0.0014 0.6188  0.0625  0.0000  0.0451 0.0000
inf          0.0285 0.0035  0.0014         0.2315  0.0212  0.0563  0.0039 0.0026
ext_bal      0.5527 0.4459  0.6188  0.2315         0.1792  0.1719  0.6500 0.8608
fsc_bal      0.1982 0.6035  0.0625  0.0212 0.1792          0.3107  0.0684 0.0959
ext_dbt      0.0133 0.0000  0.0000  0.0563 0.1719  0.3107          0.0639 0.0000
def          0.0455 0.0025  0.0451  0.0039 0.6500  0.0684  0.0639         0.0026
dev          0.0002 0.0000  0.0000  0.0026 0.8608  0.0959  0.0000  0.0026       

$`2008`
        year   CDS GNI_cap GDP_grw   inf ext_bal fsc_bal ext_dbt   def   dev
year       1   NaN     NaN     NaN   NaN     NaN     NaN     NaN   NaN   NaN
CDS      NaN  1.00   -0.54    0.47  0.75    0.13    0.05   -0.36  0.45 -0.66
GNI_cap  NaN -0.54    1.00   -0.64 -0.51    0.22   -0.02    0.70 -0.43  0.75
GDP_grw  NaN  0.47   -0.64    1.00  0.60   -0.10    0.27   -0.62  0.27 -0.50
inf      NaN  0.75   -0.51    0.60  1.00   -0.05    0.27   -0.32  0.41 -0.57
ext_bal  NaN  0.13    0.22   -0.10 -0.05    1.00    0.17   -0.16 -0.21 -0.14
fsc_bal  NaN  0.05   -0.02    0.27  0.27    0.17    1.00   -0.23  0.24 -0.29
ext_dbt  NaN -0.36    0.70   -0.62 -0.32   -0.16   -0.23    1.00 -0.26  0.60
def      NaN  0.45   -0.43    0.27  0.41   -0.21    0.24   -0.26  1.00 -0.47
dev      NaN -0.66    0.75   -0.50 -0.57   -0.14   -0.29    0.60 -0.47  1.00

n= 41 


P
        year CDS    GNI_cap GDP_grw inf    ext_bal fsc_bal ext_dbt def    dev   
year                                                                            
CDS                 0.0003  0.0018  0.0000 0.4042  0.7440  0.0220  0.0031 0.0000
GNI_cap      0.0003         0.0000  0.0006 0.1701  0.9119  0.0000  0.0051 0.0000
GDP_grw      0.0018 0.0000          0.0000 0.5176  0.0854  0.0000  0.0825 0.0009
inf          0.0000 0.0006  0.0000         0.7521  0.0883  0.0389  0.0082 0.0001
ext_bal      0.4042 0.1701  0.5176  0.7521         0.2916  0.3299  0.1914 0.3739
fsc_bal      0.7440 0.9119  0.0854  0.0883 0.2916          0.1456  0.1246 0.0657
ext_dbt      0.0220 0.0000  0.0000  0.0389 0.3299  0.1456          0.1026 0.0000
def          0.0031 0.0051  0.0825  0.0082 0.1914  0.1246  0.1026         0.0019
dev          0.0000 0.0000  0.0009  0.0001 0.3739  0.0657  0.0000  0.0019       

$`2009`
        year   CDS GNI_cap GDP_grw   inf ext_bal fsc_bal ext_dbt   def   dev
year       1   NaN     NaN     NaN   NaN     NaN     NaN     NaN   NaN   NaN
CDS      NaN  1.00   -0.48    0.45  0.76   -0.08   -0.24   -0.32  0.33 -0.53
GNI_cap  NaN -0.48    1.00   -0.69 -0.54    0.26    0.22    0.66 -0.51  0.77
GDP_grw  NaN  0.45   -0.69    1.00  0.54   -0.02    0.05   -0.57  0.34 -0.58
inf      NaN  0.76   -0.54    0.54  1.00   -0.05   -0.03   -0.32  0.43 -0.55
ext_bal  NaN -0.08    0.26   -0.02 -0.05    1.00    0.22   -0.14 -0.26 -0.02
fsc_bal  NaN -0.24    0.22    0.05 -0.03    0.22    1.00   -0.01  0.13  0.03
ext_dbt  NaN -0.32    0.66   -0.57 -0.32   -0.14   -0.01    1.00 -0.34  0.55
def      NaN  0.33   -0.51    0.34  0.43   -0.26    0.13   -0.34  1.00 -0.53
dev      NaN -0.53    0.77   -0.58 -0.55   -0.02    0.03    0.55 -0.53  1.00

n= 48 


P
        year CDS    GNI_cap GDP_grw inf    ext_bal fsc_bal ext_dbt def    dev   
year                                                                            
CDS                 0.0006  0.0013  0.0000 0.6024  0.1012  0.0245  0.0218 0.0001
GNI_cap      0.0006         0.0000  0.0000 0.0786  0.1303  0.0000  0.0002 0.0000
GDP_grw      0.0013 0.0000          0.0000 0.8788  0.7347  0.0000  0.0199 0.0000
inf          0.0000 0.0000  0.0000         0.7395  0.8272  0.0250  0.0020 0.0000
ext_bal      0.6024 0.0786  0.8788  0.7395         0.1416  0.3409  0.0725 0.8972
fsc_bal      0.1012 0.1303  0.7347  0.8272 0.1416          0.9369  0.3928 0.8297
ext_dbt      0.0245 0.0000  0.0000  0.0250 0.3409  0.9369          0.0195 0.0000
def          0.0218 0.0002  0.0199  0.0020 0.0725  0.3928  0.0195         0.0001
dev          0.0001 0.0000  0.0000  0.0000 0.8972  0.8297  0.0000  0.0001       

$`2010`
        year   CDS GNI_cap GDP_grw   inf ext_bal fsc_bal ext_dbt   def   dev
year       1   NaN     NaN     NaN   NaN     NaN     NaN     NaN   NaN   NaN
CDS      NaN  1.00   -0.42    0.21  0.82   -0.07   -0.16   -0.27  0.39 -0.45
GNI_cap  NaN -0.42    1.00   -0.58 -0.49    0.25    0.37    0.57 -0.52  0.73
GDP_grw  NaN  0.21   -0.58    1.00  0.26   -0.13   -0.04   -0.55  0.26 -0.63
inf      NaN  0.82   -0.49    0.26  1.00   -0.03   -0.11   -0.35  0.49 -0.53
ext_bal  NaN -0.07    0.25   -0.13 -0.03    1.00    0.49   -0.24 -0.25  0.07
fsc_bal  NaN -0.16    0.37   -0.04 -0.11    0.49    1.00   -0.12 -0.01  0.07
ext_dbt  NaN -0.27    0.57   -0.55 -0.35   -0.24   -0.12    1.00 -0.35  0.57
def      NaN  0.39   -0.52    0.26  0.49   -0.25   -0.01   -0.35  1.00 -0.56
dev      NaN -0.45    0.73   -0.63 -0.53    0.07    0.07    0.57 -0.56  1.00

n= 52 


P
        year CDS    GNI_cap GDP_grw inf    ext_bal fsc_bal ext_dbt def    dev   
year                                                                            
CDS                 0.0021  0.1316  0.0000 0.6403  0.2642  0.0528  0.0039 0.0007
GNI_cap      0.0021         0.0000  0.0002 0.0789  0.0065  0.0000  0.0000 0.0000
GDP_grw      0.1316 0.0000          0.0590 0.3687  0.7712  0.0000  0.0638 0.0000
inf          0.0000 0.0002  0.0590         0.8114  0.4504  0.0115  0.0002 0.0000
ext_bal      0.6403 0.0789  0.3687  0.8114         0.0002  0.0907  0.0713 0.6360
fsc_bal      0.2642 0.0065  0.7712  0.4504 0.0002          0.3929  0.9376 0.6420
ext_dbt      0.0528 0.0000  0.0000  0.0115 0.0907  0.3929          0.0121 0.0000
def          0.0039 0.0000  0.0638  0.0002 0.0713  0.9376  0.0121         0.0000
dev          0.0007 0.0000  0.0000  0.0000 0.6360  0.6420  0.0000  0.0000       

$`2011`
        year   CDS GNI_cap GDP_grw   inf ext_bal fsc_bal ext_dbt   def   dev
year       1   NaN     NaN     NaN   NaN     NaN     NaN     NaN   NaN   NaN
CDS      NaN  1.00   -0.41    0.06  0.85   -0.13   -0.18   -0.24  0.41 -0.44
GNI_cap  NaN -0.41    1.00   -0.48 -0.45    0.45    0.27    0.52 -0.56  0.70
GDP_grw  NaN  0.06   -0.48    1.00  0.13   -0.27    0.13   -0.48  0.24 -0.60
inf      NaN  0.85   -0.45    0.13  1.00   -0.08   -0.05   -0.35  0.55 -0.56
ext_bal  NaN -0.13    0.45   -0.27 -0.08    1.00    0.44   -0.11 -0.22  0.21
fsc_bal  NaN -0.18    0.27    0.13 -0.05    0.44    1.00   -0.28  0.05  0.00
ext_dbt  NaN -0.24    0.52   -0.48 -0.35   -0.11   -0.28    1.00 -0.41  0.53
def      NaN  0.41   -0.56    0.24  0.55   -0.22    0.05   -0.41  1.00 -0.58
dev      NaN -0.44    0.70   -0.60 -0.56    0.21    0.00    0.53 -0.58  1.00

n= 50 


P
        year CDS    GNI_cap GDP_grw inf    ext_bal fsc_bal ext_dbt def    dev   
year                                                                            
CDS                 0.0028  0.6928  0.0000 0.3780  0.2217  0.0970  0.0028 0.0016
GNI_cap      0.0028         0.0004  0.0010 0.0011  0.0588  0.0000  0.0000 0.0000
GDP_grw      0.6928 0.0004          0.3578 0.0629  0.3515  0.0004  0.0947 0.0000
inf          0.0000 0.0010  0.3578         0.6046  0.7121  0.0131  0.0000 0.0000
ext_bal      0.3780 0.0011  0.0629  0.6046         0.0016  0.4551  0.1199 0.1386
fsc_bal      0.2217 0.0588  0.3515  0.7121 0.0016          0.0520  0.7216 0.9746
ext_dbt      0.0970 0.0000  0.0004  0.0131 0.4551  0.0520          0.0030 0.0000
def          0.0028 0.0000  0.0947  0.0000 0.1199  0.7216  0.0030         0.0000
dev          0.0016 0.0000  0.0000  0.0000 0.1386  0.9746  0.0000  0.0000       

$`2012`
        year   CDS GNI_cap GDP_grw   inf ext_bal fsc_bal ext_dbt   def   dev
year       1   NaN     NaN     NaN   NaN     NaN     NaN     NaN   NaN   NaN
CDS      NaN  1.00   -0.38   -0.02  0.79   -0.09   -0.24   -0.19  0.39 -0.06
GNI_cap  NaN -0.38    1.00   -0.46 -0.39    0.41    0.16    0.63 -0.56  0.64
GDP_grw  NaN -0.02   -0.46    1.00  0.19   -0.21    0.24   -0.50  0.24 -0.59
inf      NaN  0.79   -0.39    0.19  1.00    0.05   -0.06   -0.35  0.53 -0.16
ext_bal  NaN -0.09    0.41   -0.21  0.05    1.00    0.29    0.04 -0.23  0.28
fsc_bal  NaN -0.24    0.16    0.24 -0.06    0.29    1.00   -0.37  0.05 -0.10
ext_dbt  NaN -0.19    0.63   -0.50 -0.35    0.04   -0.37    1.00 -0.43  0.50
def      NaN  0.39   -0.56    0.24  0.53   -0.23    0.05   -0.43  1.00 -0.42
dev      NaN -0.06    0.64   -0.59 -0.16    0.28   -0.10    0.50 -0.42  1.00

n= 48 


P
        year CDS    GNI_cap GDP_grw inf    ext_bal fsc_bal ext_dbt def    dev   
year                                                                            
CDS                 0.0074  0.8839  0.0000 0.5349  0.0941  0.1892  0.0063 0.7057
GNI_cap      0.0074         0.0011  0.0058 0.0041  0.2839  0.0000  0.0000 0.0000
GDP_grw      0.8839 0.0011          0.1844 0.1439  0.1015  0.0003  0.0936 0.0000
inf          0.0000 0.0058  0.1844         0.7584  0.6771  0.0143  0.0001 0.2757
ext_bal      0.5349 0.0041  0.1439  0.7584         0.0451  0.7857  0.1117 0.0550
fsc_bal      0.0941 0.2839  0.1015  0.6771 0.0451          0.0093  0.7236 0.4824
ext_dbt      0.1892 0.0000  0.0003  0.0143 0.7857  0.0093          0.0024 0.0003
def          0.0063 0.0000  0.0936  0.0001 0.1117  0.7236  0.0024         0.0033
dev          0.7057 0.0000  0.0000  0.2757 0.0550  0.4824  0.0003  0.0033       

