          CDS GNI_cap GDP_grw   inf ext_bal fsc_bal ext_dbt   def   dev
CDS      1.00   -0.31   -0.05  0.65   -0.01   -0.25   -0.18  0.31 -0.27
GNI_cap -0.31    1.00   -0.57 -0.46    0.28    0.15    0.61 -0.51  0.72
GDP_grw -0.05   -0.57    1.00  0.33   -0.17    0.25   -0.52  0.27 -0.57
inf      0.65   -0.46    0.33  1.00   -0.01    0.05   -0.32  0.48 -0.47
ext_bal -0.01    0.28   -0.17 -0.01    1.00    0.25   -0.11 -0.21  0.05
fsc_bal -0.25    0.15    0.25  0.05    0.25    1.00   -0.21  0.11 -0.09
ext_dbt -0.18    0.61   -0.52 -0.32   -0.11   -0.21    1.00 -0.35  0.54
def      0.31   -0.51    0.27  0.48   -0.21    0.11   -0.35  1.00 -0.51
dev     -0.27    0.72   -0.57 -0.47    0.05   -0.09    0.54 -0.51  1.00

n= 281 


P
        CDS    GNI_cap GDP_grw inf    ext_bal fsc_bal ext_dbt def    dev   
CDS            0.0000  0.4282  0.0000 0.8418  0.0000  0.0032  0.0000 0.0000
GNI_cap 0.0000         0.0000  0.0000 0.0000  0.0120  0.0000  0.0000 0.0000
GDP_grw 0.4282 0.0000          0.0000 0.0048  0.0000  0.0000  0.0000 0.0000
inf     0.0000 0.0000  0.0000         0.9261  0.4234  0.0000  0.0000 0.0000
ext_bal 0.8418 0.0000  0.0048  0.9261         0.0000  0.0679  0.0005 0.3911
fsc_bal 0.0000 0.0120  0.0000  0.4234 0.0000          0.0005  0.0713 0.1182
ext_dbt 0.0032 0.0000  0.0000  0.0000 0.0679  0.0005          0.0000 0.0000
def     0.0000 0.0000  0.0000  0.0000 0.0005  0.0713  0.0000         0.0000
dev     0.0000 0.0000  0.0000  0.0000 0.3911  0.1182  0.0000  0.0000       
