
Correlation
===========================================================================
         CDS   GNI_cap GDP_grw  inf   ext_bal fsc_bal ext_dbt  def    dev  
---------------------------------------------------------------------------
CDS       1    -0.308  -0.047  0.653  -0.012  -0.245  -0.175  0.306  -0.274
GNI_cap -0.308    1    -0.573  -0.459  0.281   0.150   0.612  -0.512 0.724 
GDP_grw -0.047 -0.573     1    0.325  -0.168   0.250  -0.520  0.268  -0.571
inf     0.653  -0.459   0.325    1    -0.006   0.048  -0.323  0.477  -0.469
ext_bal -0.012  0.281  -0.168  -0.006    1     0.246  -0.109  -0.207 0.051 
fsc_bal -0.245  0.150   0.250  0.048   0.246     1    -0.205  0.108  -0.093
ext_dbt -0.175  0.612  -0.520  -0.323 -0.109  -0.205     1    -0.353 0.544 
def     0.306  -0.512   0.268  0.477  -0.207   0.108  -0.353    1    -0.510
dev     -0.274  0.724  -0.571  -0.469  0.051  -0.093   0.544  -0.510   1   
---------------------------------------------------------------------------
