
Correlation 2007
================================================================================
        year  CDS   GNI_cap GDP_grw  inf   ext_bal fsc_bal ext_dbt  def    dev  
--------------------------------------------------------------------------------
year     1                                                                      
CDS            1    -0.516   0.279  0.338   0.094  -0.203  -0.379  0.310  -0.551
GNI_cap      -0.516    1    -0.681  -0.440  0.121  -0.082   0.711  -0.455 0.816 
GDP_grw      0.279  -0.681     1    0.477  -0.079   0.290  -0.586  0.311  -0.640
inf          0.338  -0.440   0.477    1     0.189   0.355  -0.297  0.436  -0.454
ext_bal      0.094   0.121  -0.079  0.189     1     0.211  -0.215  -0.072 -0.028
fsc_bal      -0.203 -0.082   0.290  0.355   0.211     1    -0.160  0.284  -0.260
ext_dbt      -0.379  0.711  -0.586  -0.297 -0.215  -0.160     1    -0.289 0.619 
def          0.310  -0.455   0.311  0.436  -0.072   0.284  -0.289    1    -0.453
dev          -0.551  0.816  -0.640  -0.454 -0.028  -0.260   0.619  -0.453   1   
--------------------------------------------------------------------------------

Correlation 2008
================================================================================
        year  CDS   GNI_cap GDP_grw  inf   ext_bal fsc_bal ext_dbt  def    dev  
--------------------------------------------------------------------------------
year     1                                                                      
CDS            1    -0.538   0.472  0.753   0.134   0.053  -0.357  0.450  -0.662
GNI_cap      -0.538    1    -0.643  -0.513  0.218  -0.018   0.696  -0.430 0.749 
GDP_grw      0.472  -0.643     1    0.597  -0.104   0.272  -0.616  0.274  -0.500
inf          0.753  -0.513   0.597    1    -0.051   0.270  -0.324  0.408  -0.565
ext_bal      0.134   0.218  -0.104  -0.051    1     0.169  -0.156  -0.208 -0.143
fsc_bal      0.053  -0.018   0.272  0.270   0.169     1    -0.231  0.244  -0.290
ext_dbt      -0.357  0.696  -0.616  -0.324 -0.156  -0.231     1    -0.259 0.603 
def          0.450  -0.430   0.274  0.408  -0.208   0.244  -0.259    1    -0.470
dev          -0.662  0.749  -0.500  -0.565 -0.143  -0.290   0.603  -0.470   1   
--------------------------------------------------------------------------------

Correlation 2009
================================================================================
        year  CDS   GNI_cap GDP_grw  inf   ext_bal fsc_bal ext_dbt  def    dev  
--------------------------------------------------------------------------------
year     1                                                                      
CDS            1    -0.478   0.451  0.762  -0.077  -0.239  -0.324  0.331  -0.529
GNI_cap      -0.478    1    -0.694  -0.536  0.256   0.221   0.663  -0.509 0.765 
GDP_grw      0.451  -0.694     1    0.536  -0.023   0.050  -0.571  0.335  -0.583
inf          0.762  -0.536   0.536    1    -0.049  -0.032  -0.323  0.435  -0.552
ext_bal      -0.077  0.256  -0.023  -0.049    1     0.215  -0.140  -0.262 -0.019
fsc_bal      -0.239  0.221   0.050  -0.032  0.215     1    -0.012  0.126  0.032 
ext_dbt      -0.324  0.663  -0.571  -0.323 -0.140  -0.012     1    -0.336 0.555 
def          0.331  -0.509   0.335  0.435  -0.262   0.126  -0.336    1    -0.531
dev          -0.529  0.765  -0.583  -0.552 -0.019   0.032   0.555  -0.531   1   
--------------------------------------------------------------------------------

Correlation
================================================================================
        year  CDS   GNI_cap GDP_grw  inf   ext_bal fsc_bal ext_dbt  def    dev  
--------------------------------------------------------------------------------
year     1                                                                      
CDS            1    -0.416   0.212  0.821  -0.066  -0.158  -0.270  0.394  -0.454
GNI_cap      -0.416    1    -0.577  -0.495  0.246   0.373   0.567  -0.522 0.735 
GDP_grw      0.212  -0.577     1    0.264  -0.127  -0.041  -0.546  0.259  -0.628
inf          0.821  -0.495   0.264    1    -0.034  -0.107  -0.348  0.488  -0.528
ext_bal      -0.066  0.246  -0.127  -0.034    1     0.489  -0.237  -0.252 0.067 
fsc_bal      -0.158  0.373  -0.041  -0.107  0.489     1    -0.121  -0.011 0.066 
ext_dbt      -0.270  0.567  -0.546  -0.348 -0.237  -0.121     1    -0.346 0.575 
def          0.394  -0.522   0.259  0.488  -0.252  -0.011  -0.346    1    -0.563
dev          -0.454  0.735  -0.628  -0.528  0.067   0.066   0.575  -0.563   1   
--------------------------------------------------------------------------------

Correlation
================================================================================
        year  CDS   GNI_cap GDP_grw  inf   ext_bal fsc_bal ext_dbt  def    dev  
--------------------------------------------------------------------------------
year     1                                                                      
CDS            1    -0.414   0.057  0.849  -0.127  -0.176  -0.237  0.414  -0.436
GNI_cap      -0.414    1    -0.483  -0.452  0.448   0.269   0.524  -0.559 0.699 
GDP_grw      0.057  -0.483     1    0.133  -0.265   0.135  -0.480  0.239  -0.599
inf          0.849  -0.452   0.133    1    -0.075  -0.054  -0.349  0.554  -0.556
ext_bal      -0.127  0.448  -0.265  -0.075    1     0.435  -0.108  -0.223 0.212 
fsc_bal      -0.176  0.269   0.135  -0.054  0.435     1    -0.276  0.052  -0.005
ext_dbt      -0.237  0.524  -0.480  -0.349 -0.108  -0.276     1    -0.412 0.530 
def          0.414  -0.559   0.239  0.554  -0.223   0.052  -0.412    1    -0.578
dev          -0.436  0.699  -0.599  -0.556  0.212  -0.005   0.530  -0.578   1   
--------------------------------------------------------------------------------

Correlation
================================================================================
        year  CDS   GNI_cap GDP_grw  inf   ext_bal fsc_bal ext_dbt  def    dev  
--------------------------------------------------------------------------------
year     1                                                                      
CDS            1    -0.382  -0.022  0.788  -0.092  -0.244  -0.193  0.389  -0.056
GNI_cap      -0.382    1    -0.458  -0.392  0.407   0.158   0.627  -0.558 0.644 
GDP_grw      -0.022 -0.458     1    0.195  -0.214   0.239  -0.504  0.245  -0.591
inf          0.788  -0.392   0.195    1     0.046  -0.062  -0.351  0.529  -0.161
ext_bal      -0.092  0.407  -0.214  0.046     1     0.291   0.040  -0.233 0.279 
fsc_bal      -0.244  0.158   0.239  -0.062  0.291     1    -0.371  0.052  -0.104
ext_dbt      -0.193  0.627  -0.504  -0.351  0.040  -0.371     1    -0.428 0.501 
def          0.389  -0.558   0.245  0.529  -0.233   0.052  -0.428    1    -0.416
dev          -0.056  0.644  -0.591  -0.161  0.279  -0.104   0.501  -0.416   1   
--------------------------------------------------------------------------------
